ladybug,bee,butterfly,lobster,fish,turtle,parrot,llama,orangutan
1.0,0.6,0.55,0.45,0.25,0.22,0.23,0.18,0.16
0.6,1.0,0.6,0.48,0.22,0.23,0.21,0.16,0.14
0.55,0.6,1.0,0.42,0.27,0.2,0.22,0.17,0.15
0.45,0.48,0.42,1.0,0.28,0.26,0.26,0.2,0.18
0.25,0.22,0.27,0.28,1.0,0.75,0.7,0.66,0.63
0.22,0.23,0.2,0.26,0.75,1.0,0.85,0.7,0.7
0.23,0.21,0.22,0.26,0.7,0.85,1.0,0.75,0.72
0.18,0.16,0.17,0.2,0.66,0.7,0.75,1.0,0.85
0.16,0.14,0.15,0.18,0.63,0.7,0.72,0.85,1.0
